15.292231 359.329164 8.700465
17.185013 373.556803 17.888967
21.714762 379.601043 19.508108
26.470976 374.544982 15.908202
26.559847 359.862543 10.971592
22.901912 344.911136 12.813241
18.193356 334.080508 20.243708
14.189317 323.291324 21.859883
13.644559 310.365442 18.079816
16.931199 295.621149 12.763896
18.308973 285.112960 16.677383
17.948905 287.607240 38.181347
17.985511 300.843231 56.797363
19.276039 320.293673 56.463511
20.471026 340.184493 52.280597
20.215422 356.469040 73.014283
18.358298 367.723686 101.427263
15.632074 377.026946 124.620642
12.679129 391.587805 125.374366
10.272426 401.442289 118.482002
8.649210 399.301156 112.903845
8.390224 384.619661 109.434794
12.740243 362.415892 117.780013
15.997261 337.577319 112.614912
15.727168 312.865351 108.401928
14.116055 291.465036 101.025692
13.284097 281.327106 98.140128
13.204830 284.460319 124.612047
13.317762 293.552302 157.451536
13.317776 302.659632 158.889530
17.219647 310.825572 129.539271
20.514409 316.995729 92.557724
19.943001 317.672799 78.299658
16.699179 310.313128 80.591398
12.738431 296.992000 86.083747
9.298124 281.482109 109.369107
6.691157 270.801184 145.334872
4.914340 267.282612 154.368568
4.403016 267.557332 147.063694
5.532400 270.642801 143.329823
7.671430 280.318953 134.733744
10.003864 303.473070 131.353741
11.542377 335.014018 135.018327
12.071770 363.233020 137.276205
12.300751 383.865897 129.214150
15.852172 396.847327 117.465964
20.584556 402.730871 110.905067
21.783469 400.422465 111.897884
20.901870 389.812900 123.434782
22.847032 374.060253 125.856194
23.073992 356.251578 121.362138
23.454598 338.693066 115.331896
25.699244 323.453936 116.698829
25.071500 309.893314 103.987997
22.092366 299.501655 91.346514
18.681247 298.717274 98.776244
16.664357 310.227807 104.580462
16.288693 331.544551 100.433841
17.623986 358.503806 96.204317
19.218344 384.702322 97.187998
19.742387 407.793323 96.881359
19.344531 432.389031 98.300495
18.166737 451.519385 105.607294
16.295331 457.123260 129.802415
14.553885 451.176147 136.910178
13.431567 446.948174 128.254732
13.005058 448.278288 119.889083
12.615558 452.905181 112.160199
12.053444 455.773522 108.379109
11.073283 458.032148 115.557040
9.998639 453.382939 118.785110
9.543426 437.906487 101.448430
9.853307 417.933059 73.856174
10.667496 409.242218 50.687615
11.837461 411.355285 50.855419
13.197347 418.129892 53.473648
16.839508 426.397844 46.292090
22.301618 435.989060 33.897797
23.989891 444.021564 22.009228
22.106812 448.715512 13.249166
18.730579 450.521771 15.347313
15.136204 448.180523 21.436561
11.927197 437.596083 21.578732
9.182293 419.192961 17.160474
7.097317 395.523174 11.717717
5.689852 368.861749 7.213066
4.947938 342.970229 5.237334
4.775009 326.323166 13.303273
4.945430 316.279382 20.315826
5.516949 307.105829 28.452409
13.716950 299.046170 33.119898
22.489965 295.872495 29.618366
24.216434 300.063488 21.984357
21.230101 311.283066 14.374559
17.282161 325.950276 8.592698
13.783750 339.879074 4.807665
11.291259 353.976801 2.557205
11.631960 370.225699 1.307033
16.617204 381.984635 0.646900
19.501161 385.879167 0.311806
18.918631 387.306999 0.146994
16.706924 385.477854 0.068004
14.030257 379.698819 0.030956
11.963296 370.044912 0.013895
11.143337 358.791984 0.006160
11.122978 348.988836 0.002701
11.956298 341.542348 0.001173
13.431639 337.719860 0.000505
14.908101 344.043439 0.000216
16.225838 357.696623 0.000092
17.192488 371.583853 0.000039
19.510920 381.668876 0.000016
22.773463 385.574207 0.000007
22.815597 383.692369 0.000003
24.571227 377.313499 0.000001
27.360182 370.709597 0.000000
29.333747 368.174822 0.000000
32.841556 370.347521 0.000000
37.225180 379.318148 0.000000
37.404303 393.232896 0.000000
32.681631 401.767325 0.000000
25.869677 402.727361 0.000000
22.316719 407.284346 0.627232
21.392285 418.539846 17.761420
19.144575 426.051765 35.947132
16.044963 431.711632 38.959618
15.765216 435.426958 35.946230
17.431337 428.828344 36.813734
16.628104 411.286088 33.187968
14.684005 387.554479 25.388936
14.384925 365.226485 17.084266
16.646820 353.487260 10.458747
19.144580 353.887941 5.965912
20.382790 363.242668 3.223608
20.214841 374.873239 1.669139
19.588802 384.907484 0.835102
21.960796 397.018864 0.406214
22.435884 405.092299 1.263483
19.586271 402.459978 11.074981
15.479298 388.120943 24.405098
11.850631 365.398453 35.091912
9.463695 338.972413 34.703096
8.129174 312.438758 27.706199
10.868646 288.154684 36.567424
14.611370 267.483850 60.739881
16.029369 251.311004 76.311751
16.220617 242.186716 78.899125
16.107006 240.854416 73.386841
16.882438 243.752076 62.254479
20.842269 247.309497 67.470347
22.147173 251.029357 98.257837
20.438788 257.386959 121.948159
18.493920 268.113374 115.324471
21.167283 286.193753 98.794826
23.718303 305.343052 87.551962
22.211899 317.440484 91.142736
18.011481 319.973953 96.106358
13.472621 317.386770 94.072384
10.227224 318.522645 95.504681
8.895751 320.904801 103.741171
9.035711 318.693028 126.202023
9.683529 313.827772 140.777520
11.326785 310.869032 138.937681
14.855922 315.697536 130.485138
19.448863 332.615822 124.344949
22.373140 355.134953 128.520349
22.083281 374.817047 119.701436
19.385208 390.135111 113.603847
15.568653 403.915296 123.237905
11.765508 409.154397 129.698144
8.768192 399.928534 127.088415
10.082609 378.745743 128.192273
13.598581 353.757144 138.731262
14.787499 336.038725 140.764655
13.608899 322.836312 135.790512
12.197220 310.536856 144.394408
15.250433 303.002149 158.748151
19.244445 304.202373 159.117925
22.557250 315.598948 158.893637
24.886313 338.838596 164.205352
26.724981 371.458241 165.245628
31.935732 404.527120 168.128342
38.160003 429.002413 168.853976
38.732262 440.174492 163.616625
34.036345 437.368910 141.675769
27.138102 428.148443 125.238379
20.048695 415.598572 110.189557
14.037799 397.877750 93.651841
9.595814 374.748003 71.735290
6.820096 347.902119 62.514654
5.380893 321.163574 63.870434
4.958938 298.340342 64.355193
5.500084 279.000273 67.913099
6.757123 262.923170 69.212681
8.345596 249.738866 67.732106
13.483864 240.258038 57.220689
20.406334 236.527584 45.852300
23.259616 240.708607 42.051201
22.521211 253.035531 35.975308
19.796509 268.293297 26.954946
16.615957 284.493863 25.365999
13.922324 303.164909 28.130251
12.318786 319.351687 25.833443
11.464625 329.664381 19.730175
11.075404 332.898541 13.193741
15.116908 331.610980 9.159952
19.441701 332.948787 15.666453
20.833760 339.142720 21.321000
19.978586 347.553657 20.289433
18.022291 357.619327 15.495537
15.880272 365.565788 10.285800
13.756204 366.442360 11.725734
11.965099 357.789889 19.494244
10.462437 342.849397 21.631592
9.415783 325.979376 18.148486
9.131136 310.351214 12.808194
9.378705 297.915561 8.061547
10.064976 287.816319 4.680350
10.579366 282.107100 2.559476
10.770630 288.079580 1.336668
10.521918 302.576271 0.673038
10.403090 317.700744 0.328989
10.576325 328.548897 0.156915
11.219397 337.564942 0.073313
14.168473 347.438775 0.033655
20.074719 353.580056 0.015216
23.694217 356.231766 0.006789
31.605340 361.444201 0.002994
37.698147 373.463016 0.001307
36.079486 388.078761 0.000565
29.814408 397.843320 0.000242
23.113529 398.503143 0.000103
18.122851 392.388676 0.000044
14.696337 383.004407 0.000018
11.976361 370.047169 0.000008
10.002614 352.917581 0.000003
9.090309 333.886124 0.000001
8.958906 318.658263 0.000001
9.167263 313.284593 0.000000
10.023680 315.176520 0.000000
13.074994 318.032269 0.000000
20.876935 327.249367 0.000000
26.787476 347.041171 0.000000
28.125595 372.188797 0.000000
25.983586 394.059072 0.000000
24.534563 409.485996 0.000000
25.224536 424.885363 0.000000
23.499894 433.418860 0.000000
19.494361 427.894324 0.000000
14.910786 409.884807 0.000000
11.177181 385.821685 0.222496
8.796227 361.759774 8.467449
7.706217 339.859748 17.775246
7.304346 319.482164 19.541902
7.279789 302.189168 16.004752
9.640520 290.607721 11.067846
15.763303 287.602644 6.856657
19.801133 292.295954 3.931869
21.640663 301.530873 4.167381
22.286729 315.049670 18.710769
21.793979 333.899027 37.513384
22.570458 353.961365 51.222230
24.772092 366.082083 51.013148
24.592564 368.318868 40.619899
32.269664 361.562703 33.650310
42.837541 348.135766 33.430716
44.577007 329.532807 34.935123
37.976617 307.501317 42.088415
32.759484 284.636759 58.172243
28.324108 263.562666 79.722796
23.259820 246.039625 94.963879
18.919604 234.882209 113.708075
16.820976 236.319039 115.094895
16.601242 251.889197 102.901434
17.113869 273.903329 85.471793
16.963549 294.772741 73.869192
15.453662 312.063943 78.975628
13.468890 322.397991 80.295979
12.330700 324.958709 67.820453
11.970601 323.664573 57.642761
11.766029 324.208962 56.285456
11.065564 321.707758 68.030336
9.921893 313.151929 77.125398
10.995476 301.852999 71.684261
15.248943 289.970843 69.390753
16.736009 276.672355 70.783263
15.194962 261.741207 61.605058
12.881895 247.708595 53.177769
11.069636 241.599867 64.607320
10.105808 248.014958 101.627188
9.939487 262.420123 140.923032
10.293265 277.986807 161.075827
10.679795 290.237627 176.169837
11.427357 301.608879 180.992310
12.471277 312.094002 187.268167
13.302268 325.369574 185.138868
13.597740 343.246917 163.738951
12.942465 356.048404 139.493161
11.744444 357.204485 113.599563
10.697671 348.208641 91.747876
10.064401 335.115574 73.043000
10.368839 320.816115 60.670362
15.759789 307.598956 60.358873
23.292064 298.678566 75.625463
29.820513 295.657456 84.006770
30.388114 295.398274 85.801317
26.407918 295.226447 96.364505
21.494088 297.641359 98.941885
17.395265 304.577654 104.300162
14.258060 310.129335 104.325068
12.605145 310.685003 101.691675
13.156178 310.229919 97.577078
15.074765 321.244587 80.965974
16.489069 343.996367 58.250115
17.488920 371.659812 40.159807
20.464380 391.269383 38.008604
20.589728 402.157916 50.715740
17.804234 402.130750 61.521000
14.514601 392.479912 81.020978
12.252842 379.680745 95.024859
11.403870 365.519464 86.092490
10.989857 350.446655 64.533723
13.911893 335.174322 42.494496
17.438230 319.029896 25.533998
17.798609 301.857254 14.342644
15.883845 285.157967 7.652279
13.512958 273.178223 3.920808
12.023894 267.249631 8.383489
11.362107 265.905780 17.567493
11.638307 274.628339 20.183561
12.501313 301.031407 17.033005
13.157963 337.010194 12.020069
13.032227 373.966543 7.554507
11.908571 400.241699 4.378573
10.588888 416.103384 4.022650
10.228882 423.618950 13.234886
17.094105 424.758800 19.775540
24.277930 423.186341 19.103528
27.482187 414.491924 14.615238
29.327148 397.540798 9.690153
27.446319 378.455665 5.833721
23.215872 360.156403 3.276613
18.707517 343.030444 1.746634
14.880254 326.544096 0.893849
11.990296 312.379565 0.442711
10.292039 301.064172 0.213467
9.324916 291.722883 0.100652
8.762879 289.495377 0.046567
8.489038 293.314655 0.021197
11.316050 300.142510 0.009513
16.436371 307.176600 0.004217
18.889152 310.877738 0.001849
18.182303 309.560405 0.000803
15.787680 304.622915 0.000346
13.097642 296.902598 0.000148
11.316803 290.920292 0.000063
11.741566 302.417725 0.000026
13.714460 328.783685 0.000011
15.854337 359.895809 0.000005
17.434721 398.168367 0.000002
18.868172 444.202672 0.000001
20.171254 487.228237 0.000000
19.756630 513.809352 0.000000
17.539565 519.942889 0.000000
14.391991 507.987062 0.000000
11.450703 482.529739 0.000000
9.712086 449.907025 0.000000
9.167416 416.006551 0.043666
9.243687 386.450638 7.095046
13.057214 362.989302 17.032256
18.195237 344.671401 19.695684
23.803213 334.154613 16.564324
26.783033 332.596803 11.643565
29.519656 335.758971 7.293693
31.369003 342.429202 4.216105
29.423419 352.376326 2.296919
25.349797 361.156973 1.195698
20.883879 365.262940 0.600407
16.702958 365.854541 0.292795
13.608256 371.983168 7.788429
11.697824 381.062984 29.113813
10.637993 388.697612 39.317217
9.842523 395.751108 38.229177
9.041571 400.273598 48.225516
8.833405 398.551006 55.542909
9.024486 390.612775 59.024696
9.008851 375.926643 54.243301
10.509047 356.694282 42.130475
15.623341 338.253690 28.686910
18.983495 323.863858 17.724243
19.526233 313.087669 20.786001
17.912403 305.483586 39.828271
15.494255 305.393566 67.714369
13.120170 309.705354 94.972217
10.963082 317.703464 100.847558
9.932688 328.171831 95.521293
16.452056 335.521478 108.701013
23.842094 341.380910 132.581937
24.350466 342.037125 159.517930
23.387179 338.895409 164.600949
23.954120 340.910076 154.551088
22.589596 345.060491 143.018876
19.184475 348.302875 152.834397
15.516836 350.752709 163.715736
12.899584 347.444504 150.155647
11.441131 337.266106 121.640933
11.065879 324.710679 96.425964
11.452974 312.767602 91.884578
12.212250 302.559316 101.726854
13.353177 299.194950 124.274345
14.681770 308.938505 145.996830
15.766607 326.955237 168.134369
19.260642 343.913107 181.733980
24.117176 360.753952 169.468032
25.299033 378.511010 160.075241
22.765715 389.816647 162.515662
18.889591 389.081309 171.481148
15.793969 377.154645 169.820768
17.146173 359.078624 157.997747
18.039429 339.483368 148.152442
16.530428 319.937762 139.170544
14.242536 300.268613 122.874258
12.446010 282.027134 102.397089
11.451052 277.181163 98.082313
11.611637 283.848086 100.248091
12.687993 294.029122 103.675176
14.170094 305.220892 96.060477
15.208479 317.049187 87.216739
16.865434 329.749099 99.251659
21.207341 342.358400 105.999234
22.583088 348.988138 112.668525
20.303317 346.840894 139.340377
16.290766 341.427495 150.218459
13.293675 337.765006 136.882285
13.068103 338.651372 113.614324
14.718042 353.694571 96.985203
16.910619 380.169748 100.770101
18.069267 408.796079 93.477269
19.748116 429.144449 73.292328
22.765335 437.997182 58.678451
22.721610 434.107845 53.685486
20.145227 421.386149 52.797347
16.649789 404.081124 52.805780
13.559214 384.166184 52.316631
11.449248 369.898549 53.538579
10.107258 372.214759 48.627888
9.465829 381.281131 37.562058
9.318663 386.645713 25.490725
12.568658 390.143141 15.712791
17.493536 395.910661 9.012652
20.071357 401.774435 4.891768
19.739143 407.135384 2.542241
18.096049 409.124034 1.275845
19.706767 402.168223 0.622213
20.117521 385.036464 0.296284
17.658540 361.527475 0.138262
13.959412 338.906563 0.063414
10.621499 326.115096 3.288293
8.383331 321.214255 14.062589
7.172874 318.909301 19.617136
6.720120 314.301059 18.104913
6.612106 312.521010 13.452670
6.799797 315.745110 8.743595
7.349314 319.936005 5.188892
8.333202 323.204627 2.883118
9.541954 325.705970 1.523996
11.202700 331.925022 0.774676
12.599839 343.734046 0.381577
13.105269 356.174398 0.183146
12.842714 365.206332 0.086021
15.983719 367.705992 0.039666
23.591867 361.905328 0.018003
26.351523 348.514294 0.008060
23.845611 333.604648 0.003565
20.586520 321.060749 0.001560
22.963975 311.839761 0.000676
25.979290 308.542543 0.000291
25.433566 313.281885 0.000124
22.294951 322.797043 0.000053
18.691029 330.821653 0.000022
15.182923 333.833525 0.000009
12.352588 332.132719 0.000004
10.539001 325.990749 0.000002
9.309869 316.166261 0.000001
8.540650 303.420071 0.000000
8.324995 289.302726 0.000000
8.977845 278.452463 0.000000
10.163494 276.895783 0.000000
11.143208 288.833095 0.000000
12.982886 307.289221 0.000000
18.931626 331.179347 0.000000
23.245726 353.743696 0.000000
23.636391 371.647512 0.000000
21.273293 380.137251 0.000000
17.672735 378.207194 0.000000
15.301467 368.260738 0.000000
17.837836 357.425201 0.000000
19.526059 358.257840 0.000000
18.592578 368.469623 0.000000
16.711697 389.364911 0.000000
15.654167 416.507239 0.000000
15.672635 439.731109 0.000000
16.364176 450.519984 0.000000
16.739870 449.840616 0.000000
16.148315 444.810991 0.000000
14.772547 437.996149 0.000000
13.200434 426.994405 0.000000
11.565218 418.443058 0.000000
9.878126 420.479172 0.000000
8.387085 421.164825 3.490925
7.552569 412.831808 35.333260
7.283617 396.069804 74.579101
7.854337 375.765756 93.885586
9.286197 359.025709 95.296596
11.091920 359.150526 81.457101
12.666553 376.898441 68.949321
13.104628 396.178506 63.291357
12.629188 407.046891 58.788572
11.776199 412.536507 48.254486
10.722991 411.514695 47.259235
9.971272 400.714526 64.125903
13.361492 381.021164 70.377867
15.959653 355.936227 60.262559
15.193854 333.049750 64.481038
12.672606 318.945884 105.221159
9.994716 308.891037 145.376298
8.032554 300.901471 173.277424
7.306731 296.070328 176.414825
8.568785 296.688183 153.480763
11.337665 302.901770 135.759288
14.034091 309.427675 133.881096
16.574579 322.300956 147.309535
22.072113 352.305366 164.557658
25.455809 388.390020 157.555029
27.605110 418.058689 154.946965
29.189768 434.639284 155.219552
30.240770 435.462043 164.476493
29.684658 421.886286 176.937328
25.464937 399.887764 204.649227
20.028262 376.041852 241.927288
15.692523 355.025473 245.741190
13.262857 342.663842 206.759536
12.151571 343.237361 165.521919
11.194265 346.614703 128.803045
10.132973 344.122768 94.926537
9.685282 333.629050 78.514941
9.593152 318.340949 98.404347
9.394654 300.868797 129.952568
8.911106 288.971674 160.815951
8.444392 295.401803 166.441782
8.294597 314.072755 145.294664
8.439340 330.995579 123.076150
8.734490 338.190506 121.201933
9.363358 335.355162 112.457857
10.643385 329.355307 89.079450
12.718690 325.872215 64.180358
14.942917 327.737400 63.743344
15.803494 335.689255 74.424866
15.455544 346.565086 81.475263
14.804984 353.042934 110.042068
15.030933 358.053533 131.204710
19.578287 368.008519 131.299140
24.956553 383.962384 125.898157
25.684009 410.269718 113.956034
23.857113 437.948366 107.060249
24.167795 455.650624 95.550418
22.732986 454.734941 74.302492
19.003749 436.211541 50.983066
15.840367 406.183949 31.755819
17.158370 371.776839 18.377551
17.868081 337.393829 10.049089
16.128308 305.906589 5.641144
13.126285 283.437548 11.824533
10.080192 287.406833 19.408021
7.958098 307.073690 20.053523
7.094192 333.614027 18.539101
7.808897 359.623486 24.890395
10.153110 386.863846 39.070964
12.843445 411.927683 54.175124
14.226642 431.567576 54.650205
13.997200 440.481486 49.594533
13.279023 440.791404 46.316157
12.740385 435.676443 38.400557
11.927925 425.023181 27.773538
10.781298 412.580682 18.002980
9.979163 406.373150 10.738362
9.602360 402.801230 6.010781
9.275695 396.577956 3.201868
9.033732 385.757550 4.467871
9.092165 371.320421 14.393861
10.868150 356.297231 19.922753
15.577088 345.246567 18.466100
19.355061 347.295209 13.780366
21.715937 363.864936 8.987313
22.379781 390.649463 5.347767
20.949502 417.453355 2.977648
18.143424 431.341668 1.576624
15.087502 431.142541 0.802536
12.480609 421.026769 0.395754
10.569637 404.305824 0.190135
9.795354 384.834983 0.089377
9.956027 370.921400 0.041243
10.132687 375.923392 0.018731
9.902546 390.375553 0.008390
11.061146 407.973550 0.003713
15.060002 422.260215 0.001625
16.344432 431.314808 0.000705
14.780263 431.352897 0.000303
12.893348 422.568745 0.000129
12.683597 411.483715 0.000055
13.585394 403.057099 0.000023
14.597985 395.852703 0.000010
19.020391 391.278172 0.000004
28.307991 393.569983 0.000002
34.279200 410.788207 0.000001
33.383642 437.781631 0.000000
27.797031 459.389817 0.000000
20.944869 464.935144 0.000000
15.030347 454.596750 0.000000
11.159868 432.965222 0.000000
9.996073 405.984342 0.000000
14.596769 385.637677 0.000000
20.155705 374.734434 0.000000
26.539266 367.810685 0.000000
30.282435 361.857680 3.546168
33.695996 367.812098 14.339872
32.619914 388.540330 21.216271
27.604383 409.674237 29.861267
23.439457 420.900134 32.427459
23.319780 424.377240 38.044631
22.600987 424.305674 52.604020
23.825630 420.576667 63.657541
25.992958 417.551106 60.961021
25.437382 415.439304 47.829837
26.571436 416.110808 41.551051
26.324842 414.003074 59.543396
23.173970 405.694864 69.213754
18.831113 395.036200 62.473937
14.851808 383.834313 63.777417
12.142745 372.116106 70.033998
10.531608 360.032295 96.297746
9.579607 347.948068 115.879893
9.535267 339.660707 124.740798
10.309397 338.867715 115.407121
12.118806 342.957281 106.940427
14.264500 350.007692 96.092905
15.120585 356.868977 83.259428
14.205802 362.042970 84.401505
12.539930 367.170635 95.440737
10.973329 369.145103 102.346537
9.737363 365.100277 104.757510
8.705367 355.251171 90.998894
7.857136 342.339967 67.486506
7.184221 333.074005 54.991500
6.513070 327.718811 72.591136
5.808456 320.654175 93.167453
5.325538 309.971124 97.435112
5.579985 297.514895 88.148398
6.341655 283.870498 96.332509
6.881214 272.041764 106.467538
7.090321 263.952917 97.274236
7.089796 264.757842 74.289040
7.091911 270.261146 50.946619
7.599765 275.696579 47.059549
8.946234 280.377965 54.557116
10.112540 286.748284 77.505489
13.678019 291.293314 91.653581
18.072062 291.409827 83.119840
19.133369 286.821898 71.476168
17.608511 278.874222 77.504643
15.030504 268.958936 114.951773
12.184690 258.532899 130.440681
9.888492 248.704229 125.024024
9.335618 243.742730 119.853918
11.055417 245.652456 122.380509
13.718431 255.329480 128.248108
15.389804 270.621048 123.102695
16.389073 296.231423 105.995018
16.936483 335.608753 102.685986
16.806794 376.315330 120.532864
16.750468 414.831695 134.824081
16.985516 442.307928 132.219427
16.841927 453.160700 120.502936
15.932337 447.720975 109.242797
16.555377 429.345455 100.237461
19.671938 406.739819 86.658310
19.689774 385.260018 82.067380
16.914830 362.299875 111.025087
14.283440 340.736212 134.823644
13.233477 324.868317 139.716229
13.602304 316.627591 128.161634
14.012581 321.684902 100.484972
14.106731 343.825620 75.654076
14.354089 384.592507 59.796192
14.379555 423.984983 44.797676
14.326837 445.468442 47.334514
17.571396 447.079414 66.531351
19.967668 440.015572 69.991277
18.871222 431.695398 57.582752
15.838428 418.970463 40.282949
12.931491 403.060108 25.239284
11.447331 390.231445 14.615400
11.285350 380.987489 7.979841
11.476670 374.383826 4.163155
10.934280 367.514205 2.094789
9.734503 359.542517 1.023471
8.654812 350.132054 0.487991
11.609653 344.480190 0.227940
16.357205 349.907563 0.104619
18.514818 358.537400 0.047295
17.978168 367.663359 0.021100
16.638674 374.994825 0.009305
15.795632 382.575287 0.004061
15.659081 392.747551 0.001756
15.426505 400.650457 0.000753
14.982758 402.288547 0.000321
19.825423 399.560753 0.000136
27.532886 396.969709 0.000057
33.456620 394.559694 0.000024
33.447261 396.900304 0.000010
28.819425 408.629067 0.000004
23.050703 421.488119 0.000002
18.307657 428.545488 0.000001
15.405993 427.518184 0.000000
13.632032 419.128996 0.000000
12.356527 405.771824 0.000000
13.349675 388.792307 0.000000
17.083714 370.144147 0.000000
18.342794 353.618455 0.000000
19.086195 343.596334 0.000000
22.329760 346.475600 0.000000
23.830572 357.022946 0.000000
23.597131 372.474393 0.000000
22.538002 398.657780 0.000000
21.402231 428.983943 0.000000
20.139592 451.146162 0.000000
18.419601 460.489728 0.000000
16.369068 460.327642 0.000000
14.330468 459.044086 0.000000
12.731010 456.851081 0.000000
11.613559 449.543234 0.000000
10.656119 435.429277 0.000000
9.721295 415.224349 0.000000
9.294602 391.373275 0.000000
10.104560 366.919820 0.000000
11.665528 345.543147 0.000000
12.476843 328.367895 0.000000
11.918010 315.320827 0.000000
11.064353 314.426298 0.000000
11.006613 338.677665 0.000000
11.239443 373.168460 0.000000
13.148745 399.848252 3.035405
17.016431 413.415970 13.811232
18.167171 413.634321 19.826917
17.183448 403.237597 26.822111
15.869706 387.934292 31.429762
14.929720 372.692946 28.366836
14.480511 356.666942 26.141243
18.198321 339.758946 29.494759
21.586474 324.975789 33.519035
21.831592 316.066804 38.027847
19.675481 316.670043 40.962643
16.626131 322.965240 42.969647
14.033593 326.039393 40.187549
15.641290 326.275275 41.168040
16.983232 326.172863 44.121858
15.598647 327.416913 52.885951
12.872729 326.260611 70.340887
10.396360 318.715272 81.798716
8.896149 307.888983 76.142096
8.564518 296.966058 73.502365
10.371785 290.624934 83.294600
17.422925 292.274416 96.342964
23.250697 306.218289 126.197753
24.857637 340.738158 137.584035
23.588160 387.442457 128.281134
21.160897 437.407991 131.440047
18.161694 479.317646 155.143577
14.894953 502.733244 160.886240
11.726109 500.625985 152.004369
8.952918 476.829411 153.373928
7.128077 442.263452 149.761805
10.053942 411.936653 158.235694
13.870450 389.656345 163.674147
18.500984 371.170578 162.489357
23.858186 354.387125 160.179537
25.596822 340.297456 188.216295
26.293704 331.239464 230.634512
32.908115 332.840123 240.019580
40.472944 346.863734 221.025632
40.823651 374.050550 189.483375
35.162791 405.848415 185.399397
27.571958 432.795657 204.750324
21.127067 449.118219 201.112571
16.765937 457.806612 186.303879
13.970074 466.612627 176.123679
12.209112 474.616402 149.251236
10.992906 476.409702 110.070004
9.918602 468.363569 74.872469
9.165712 450.232595 58.498384
8.668011 425.563229 57.758320
8.504750 397.176490 63.146149
8.950802 368.917105 67.809099
10.477796 346.423423 65.637158
12.649292 333.656940 81.556237
14.649124 332.510873 113.434697
15.852087 340.830797 118.430236
19.872801 352.063969 101.416413
23.598457 360.237455 87.798962
27.298726 368.009741 78.033703
26.851433 377.303263 76.739757
26.628857 386.797311 79.585854
26.344534 387.716195 83.818760
23.767732 379.569893 84.558218
20.486726 376.331617 80.652430
17.901206 383.347725 76.826872
15.602231 389.969585 74.078228
13.364312 392.791460 72.132560
12.122380 392.633556 70.464888
13.263102 388.703979 60.971266
18.665248 381.167017 45.529942
22.147544 372.028766 30.290608
22.638772 367.554662 25.921010
21.592495 371.714754 33.138398
20.410003 382.853775 41.173881
19.464507 403.600938 39.013374
18.185449 429.221814 30.099894
20.263436 446.240010 20.205970
21.143889 445.387521 12.307297
18.691803 428.698388 6.982710
14.591606 403.680566 3.754197
10.799728 376.909901 1.935218
8.487207 358.024852 0.964434
7.252901 345.147110 0.541591
6.461873 341.052345 7.670666
6.341852 351.694809 17.339400
6.894817 365.163161 19.710578
11.600447 376.865858 16.442351
16.426014 383.261960 11.502609
20.751570 383.708108 7.182658
24.748482 381.699192 4.142610
25.719824 381.841724 2.253094
24.532211 397.724595 1.171357
21.722045 425.181638 0.587572
20.129717 445.850090 0.286293
28.978455 448.922234 0.136176
36.220053 435.900036 0.063472
34.386023 411.905422 0.029077
27.602779 383.244579 0.013123
20.567524 353.915898 0.005846
15.036384 326.998452 0.002574
13.559039 303.386189 0.001122
16.756117 284.034825 0.000485
22.229179 269.127769 0.000208
25.128259 259.008635 0.000088
23.564459 253.311778 0.000037
20.417543 255.514107 0.000016
20.893341 274.871765 0.000007
26.852199 307.179627 0.000003
30.616825 339.693241 0.000001
30.154745 372.121297 0.000000
30.926948 402.782713 0.000000
32.834498 428.776879 0.000000
34.237467 447.964314 0.000000
31.421756 454.368687 0.000000
26.029711 446.059146 0.000000
20.994593 424.834667 0.000000
17.463282 396.599329 0.000000
15.110105 367.243507 0.000000
15.804254 340.621550 0.000000
18.427534 319.112694 0.000000
18.475149 303.575531 0.000000
17.019650 296.273817 0.000000
15.770292 296.262913 0.000000
18.394416 300.154818 1.161802
22.654873 308.557757 18.289598
24.651947 323.828837 35.967413
28.002294 346.450849 45.116277
35.904297 367.006681 47.999715
40.276811 379.442470 46.220881
36.246638 380.138504 52.159357
28.462335 368.755342 67.349030
24.812499 350.654159 68.297098
22.321017 329.581953 55.360632
18.705855 307.731220 38.463223
15.088237 287.779556 31.606913
13.145661 277.988460 43.633657
12.911192 280.302787 70.543976
14.024950 292.430239 91.941277
15.933428 313.018684 89.013559
17.607211 338.754394 88.167096
18.264426 365.163073 82.973717
17.483955 387.083186 83.851675
15.651856 398.126463 86.614156
13.228070 394.997552 83.462661
10.568064 379.146784 77.798345
8.037955 354.930103 76.823143
5.911253 326.750990 86.862243
4.444465 298.052783 89.008254
4.047152 278.543108 74.744710
8.364163 275.568686 53.603825
13.397877 287.890345 38.507286
16.513180 303.729677 44.545211
17.855433 315.533790 71.325857
18.207528 322.704725 93.651365
17.794715 328.183783 94.299579
16.387236 334.550212 89.354150
17.379725 338.607110 84.651383
19.270584 343.105444 95.443318
23.875765 349.274343 123.754250
30.619974 353.871027 161.833009
31.702945 364.501052 197.373806
31.902904 380.430909 220.141314
31.203392 394.445637 209.845413
27.821764 399.613538 193.705264
22.882447 395.168085 176.734520
17.768270 382.347472 165.751296
13.907106 368.431810 139.869220
11.774278 365.921499 102.903396
10.649862 382.215881 74.099051
9.986033 409.743498 74.351960
9.606827 432.164554 92.323401
9.635111 437.284932 120.384517
9.811771 430.748620 132.597482
9.929876 418.724817 153.181831
11.347556 403.775916 170.398228
17.219774 391.743946 166.296772
21.528198 387.242858 151.147919
22.530471 388.873681 130.941176
21.237207 391.708002 107.038033
19.085805 394.671718 87.796430
16.857033 401.772139 69.471853
14.557345 405.658924 50.447115
16.368309 401.780730 42.846411
21.230642 393.932687 53.093261
25.369497 398.061399 81.145769
25.779701 414.749631 95.817615
23.656594 431.354505 91.326823
20.613121 443.959856 89.623247
17.532853 456.659445 92.371729
15.127522 470.117789 85.035679
13.742821 478.116713 75.296864
12.916827 482.347437 68.795620
12.224341 485.634881 75.058841
11.636641 486.940499 79.605813
11.761287 482.312328 70.526804
12.703940 472.519434 54.402224
13.745438 459.124760 49.166859
14.573156 444.689662 53.219664
17.269876 431.386590 50.164170
20.809285 419.341011 39.938851
20.725561 407.335573 36.609943
17.754534 400.902284 35.000384
13.950881 405.854685 28.934596
11.188758 413.647965 20.716352
9.470836 416.356959 13.288981
8.238479 409.297786 7.854272
10.670899 393.972353 4.362563
15.705170 377.649279 2.308872
18.275204 370.649144 1.175863
17.962369 388.782500 0.580413
16.412165 426.717507 0.279178
14.753123 469.119408 0.131396
14.788496 499.638477 0.060707
21.000234 515.680312 0.027604
27.808842 519.597005 0.012379
32.944596 510.155199 0.005484
35.815768 491.618684 0.002403
33.028061 470.840018 0.001043
26.934885 448.239648 0.000449
20.554722 425.211712 0.000192
15.469682 403.875283 0.000081
12.176137 387.656791 0.000034
12.248805 387.459191 0.000014
19.882670 394.605230 0.000006
26.809715 401.402535 0.000002
27.886959 413.329840 0.000001
26.104768 431.762047 0.000000
23.461277 446.720257 0.000000
20.364281 456.047955 0.000000
17.193460 459.163066 0.000000
17.626893 452.191093 0.000000
19.529306 435.852020 0.000000
19.044278 416.318071 0.000000
16.814009 396.376293 0.000000
13.753227 376.405991 0.000000
11.488274 358.276532 0.000000
11.541441 346.452958 0.000000
16.530395 340.232845 0.000000
20.597353 343.265630 0.000000
21.487980 355.019991 0.000000
20.420913 370.814728 0.000000
19.088722 390.166351 0.000000
17.556176 405.849041 0.000000
16.000778 412.091588 0.000000
14.745820 407.485073 0.000000
14.819950 396.442065 0.000000
19.545442 383.380574 0.454892
23.706184 371.842535 9.415616
24.906285 362.894053 18.216988
27.571602 355.521080 19.390846
29.214085 350.645077 15.608339
28.978239 353.704384 16.655617
32.628498 361.396067 26.682473
37.425214 366.534198 40.074163
37.137501 369.884736 51.242279
33.070381 380.151702 50.353374
27.678795 394.494414 39.997493
22.735468 404.813032 27.927198
18.820362 413.015974 26.510713
15.765280 419.113528 28.024717
13.363492 419.334846 24.673080
11.254528 411.921761 18.318536
9.529860 396.973380 12.016735
8.067863 377.892656 10.756023
6.889432 360.175687 23.202804
6.164187 347.979775 37.277618
5.744814 339.821978 41.902174
5.589877 339.374851 53.039992
5.767268 351.788788 61.613340
6.332725 366.168263 65.366848
7.280400 372.196472 69.226100
8.899928 372.362292 88.184117
10.936175 368.991634 106.814911
12.953041 363.192126 115.164722
14.329497 359.743170 112.240017
16.073022 368.041146 97.971419
20.613397 387.515241 81.968680
22.463155 407.197120 75.687840
26.101557 421.347135 73.619390
30.765740 424.377308 82.950299
29.278242 413.574657 105.058726
24.313913 390.919524 135.101565
24.591971 361.658592 146.676544
28.587470 332.483519 148.527712
29.204915 310.262036 143.171823
29.093976 304.625969 132.319394
30.534494 326.858071 116.042142
30.224950 367.928386 126.222595
35.607986 404.909445 127.050351
43.399674 423.691266 124.913864
46.367760 421.500506 124.270297
41.789343 403.328615 113.658869
33.367424 377.048224 134.321048
25.015245 349.618966 146.796700
18.803906 328.776016 145.302253
14.801918 315.249800 149.020539
12.567206 309.811661 147.503850
13.421529 317.859070 127.426628
22.144858 335.781227 104.405864
29.102157 365.035500 97.443796
29.548460 400.820797 102.853552
25.761268 428.688396 109.501694
21.065883 438.029724 128.845417
17.122922 431.112152 153.729377
14.636698 417.641499 163.346922
13.650877 405.103811 154.902943
13.596616 394.722001 139.042457
13.606527 387.130040 112.662637
17.003824 379.366384 90.337568
19.971717 371.134757 70.154524
19.319795 361.713078 62.468362
16.257659 350.995503 77.830846
13.542475 341.628243 90.619370
15.751825 335.605819 84.112772
18.090931 338.485390 86.973559
19.476705 345.601658 102.012951
27.324926 352.095853 100.680296
37.517129 359.858214 91.517795
41.688262 368.180626 87.728056
37.712362 373.321583 75.151239
29.966386 373.402112 68.856487
22.640792 372.409244 69.591995
17.295482 372.565686 63.796805
13.742997 370.671026 59.141887
11.881816 376.238731 49.700831
11.500592 390.401017 36.548939
15.192575 405.266933 24.034282
19.513243 413.806049 14.567538
20.187034 414.757354 16.360610
18.013950 405.923453 32.090084
16.582070 389.324745 48.061257
18.525946 368.058032 54.039835
20.906518 344.740178 46.913669
23.089651 322.425527 34.136885
21.497828 307.435997 22.020252
21.390337 296.278467 13.036644
21.656969 292.374445 7.241999
19.743565 307.052936 3.830879
16.677042 335.779745 1.949529
13.558861 361.386142 0.961505
11.415868 375.667887 0.462102
10.351017 380.379578 0.217319
10.206142 378.734892 0.100331
10.412788 370.745379 0.045590
10.807493 360.251983 0.020431
11.003987 349.640788 0.009046
10.862259 338.133292 0.003962
10.264816 325.119225 0.001719
9.570287 313.497538 0.000739
9.039238 305.426551 0.000316
8.733415 301.041522 0.000134
8.893265 297.346123 0.000056
9.327933 294.853365 0.000024
10.037626 299.702034 0.000010
11.064743 309.538114 0.000004
12.666909 320.042722 0.000002
14.491934 328.678442 0.000001
16.215724 336.600932 0.000000
18.121931 347.518219 0.000000
19.543579 361.345783 0.000000
19.160098 378.906126 0.000000
16.712384 397.061120 0.000000
13.360955 404.608936 0.000000
10.504533 396.318562 0.000000
8.687420 374.776809 0.000000
7.754063 347.167792 3.946420
8.179800 320.719917 14.720567
11.396165 303.359885 19.700693
20.146569 299.377617 17.823443
26.748838 314.031216 13.089615
27.168433 344.488800 8.442498
23.691184 379.353526 4.983043
19.232272 403.891806 2.757556
14.966301 413.928824 1.453067
11.945237 410.195381 0.736781
10.409226 399.499085 0.362174
9.975226 391.261277 0.173540
9.912189 385.326414 0.585879
10.514784 380.660864 13.838314
11.439444 380.816886 33.273210
12.577988 383.974596 40.235148
14.110451 387.359657 44.380967
15.864520 391.598279 42.442256
20.409142 394.936458 33.873736
23.041287 396.347387 23.483656
21.764185 395.642594 19.967536
18.523536 390.556991 26.691957
15.160728 381.270371 37.435799
12.606710 369.858311 39.347251
15.073507 358.680501 41.132019
18.412404 349.445946 50.054940
18.571540 341.044484 52.846184
16.386950 331.624380 53.909250
13.807949 325.953857 49.618795
11.721929 331.300135 44.734097
10.078782 339.512125 54.153620
9.180903 342.483293 63.853227
8.779119 338.954342 65.716689
8.232308 328.594654 65.813402
7.449448 312.579697 67.169933
6.783290 293.853948 65.498440
6.273559 276.436199 74.440287
5.963316 262.417965 93.295717
5.998353 252.107219 106.227951
6.594947 245.644295 129.033787
7.337863 242.679053 168.397167
7.752508 244.669614 186.057561
7.630665 249.043980 176.544065
7.515054 254.043929 153.212667
8.179717 258.667543 134.164946
9.088381 262.739443 109.212032
9.602703 263.630959 85.085420
9.363254 259.512768 72.736612
8.611132 251.511897 76.662975
8.774618 242.790883 74.283050
15.150404 239.881177 69.515876
23.239737 242.103103 66.932223
26.140058 246.081749 67.051352
25.465624 249.966072 74.618730
26.430153 254.427345 82.035459
30.034119 262.119449 83.441087
30.506453 271.986637 101.070741
27.626701 284.163668 122.648983
23.714082 299.039551 130.304237
20.584454 316.675715 150.437956
21.141708 333.341775 165.407282
22.537448 341.890392 163.540512
20.528942 343.968706 143.071750
16.658685 343.414947 114.771752
12.955264 337.626119 87.490514
10.794845 326.904662 77.863245
14.091885 314.638470 78.993939
18.357503 303.864143 85.135626
20.553320 297.410468 78.990046
20.813465 295.167151 79.771974
19.249220 293.742029 93.557189
16.646206 292.493763 108.908417
15.689834 296.759369 102.808786
18.958962 315.870782 80.074701
20.382589 338.646898 54.324771
19.099967 352.436158 38.868577
17.232018 357.458154 35.063123
15.307456 358.540977 30.102200
16.860229 362.454775 22.569873
24.699917 364.625835 19.294546
30.239090 368.039308 30.587771
31.131888 378.469659 45.268361
28.278442 396.937569 55.440594
23.255346 412.991921 62.572239
18.223022 416.312346 69.267940
17.067348 406.706620 64.342218
19.324130 389.669324 49.912305
19.137259 368.523946 33.848750
17.689105 345.537289 21.324871
19.280518 329.431971 21.483516
20.210251 328.383494 24.738051
24.819992 345.173782 22.713813
33.342676 370.522858 17.224018
35.308713 394.122682 11.434623
30.418297 406.590156 6.998216
23.125753 409.710314 11.476730
16.916055 406.237322 19.395239
13.518982 398.925586 20.722023
12.676134 394.474499 16.901058
12.276956 388.983662 11.696007
11.314919 378.595018 7.258544
10.101710 362.768235 4.170061
12.702019 343.272845 2.261983
20.674257 323.432562 1.173716
24.814420 309.218280 0.587903
23.373323 307.728514 0.286131
19.776601 313.737424 0.135977
16.803799 324.269525 0.063333
15.359137 336.277663 0.028996
14.884635 348.522299 0.013079
14.063757 360.319906 0.005824
12.415937 363.942267 0.002564
10.405581 357.019776 0.001117
8.563972 341.560795 0.000482
7.416664 321.851256 0.000207
7.297090 301.986206 0.000088
8.062095 289.989711 0.000037
9.003101 287.778751 0.000016
9.246967 290.297442 0.000007
8.826990 293.665234 0.000003
8.558510 294.032134 0.000001
9.349733 290.012259 0.000000
15.449775 286.693417 0.000000
23.265571 294.574872 0.000000
28.176646 318.233334 0.000000
29.733501 353.047346 0.000000
28.618683 388.492739 0.000000
25.227870 413.581743 0.000000
20.800534 425.086745 0.000000
16.475677 426.090039 0.000000
13.001083 418.525778 0.000000
10.853069 408.776389 0.000000
9.857946 398.056186 0.000000
9.837269 385.941082 4.750778
11.078395 372.750488 15.413384
13.125502 361.350123 25.114783
15.364203 357.149527 33.385307
16.513803 364.593792 32.462139
16.287290 380.957307 25.378614
14.792255 400.304153 17.174078
16.022324 418.999095 10.517535
21.570523 430.339658 11.771877
26.479334 430.603411 19.418512
25.721988 421.344312 26.338241
21.596118 413.384260 33.460086
16.882767 409.280907 35.206741
12.991254 409.976232 38.947443
10.468546 410.550090 39.718304
9.474748 405.005396 48.060918
9.738962 393.455686 55.403545
12.253976 378.883320 59.751851
18.272405 362.637597 67.201836
23.149380 346.094545 65.513339
26.829323 331.379241 64.178002
25.904525 319.789931 68.719682
27.660540 311.142303 82.202073
31.940704 302.768015 98.273479
30.625591 292.412483 122.781897
24.814200 280.391223 129.937725
18.472441 269.007291 128.840453
13.924579 266.671006 122.020891
11.291199 271.252731 120.136296
9.761776 275.685286 151.027725
9.176237 278.000918 196.135525
13.093837 280.989554 215.584798
19.308772 289.475952 215.476669
27.325210 304.484536 190.547542
30.491019 327.225535 155.465228
28.059095 348.263112 132.593244
23.267804 362.452232 115.561496
18.224021 367.582120 106.427440
14.575091 363.963333 101.926710
15.863175 358.397289 98.005331
16.678810 348.714275 109.069675
14.927287 332.075518 128.637115
12.145341 310.080384 134.063272
9.606542 285.865709 121.977700
7.694651 262.211898 115.260236
6.770299 242.561320 121.777049
6.907855 234.110961 132.080918
8.131253 242.702146 153.604353
14.337109 258.807292 175.217094
20.765314 278.641932 175.761952
24.768817 310.422428 163.952152
27.398710 352.893528 146.801238
27.825427 397.096407 123.321396
25.893473 434.004490 110.590551
22.370310 454.799911 102.511764
18.198670 463.502480 100.730883
14.431730 472.439599 100.740267
11.596543 479.864094 108.627742
10.281405 479.850151 101.376524
13.317027 466.395777 94.622929
15.169546 442.730397 112.221626
14.967544 414.345049 133.785777
14.532134 387.666627 149.458219
14.766505 373.319717 158.514363
18.783532 371.515304 166.800823
21.494118 372.919339 163.259137
21.006687 375.541030 146.717484
22.714330 378.748270 148.802218
24.214630 379.928981 163.008453
23.567525 380.937527 169.715819
22.807181 385.889718 175.629570
22.502277 409.230224 155.271322
22.259367 445.005609 116.697798
25.176845 476.561773 77.508625
27.014221 494.302841 51.237125
25.273436 497.247641 41.601288
20.895039 486.848549 40.214639
15.718015 464.807174 41.543969
11.415066 436.592432 36.373682
8.811873 411.694767 27.036965
7.352988 392.239313 17.786372
6.558173 375.919683 10.701482
6.229225 361.307544 6.022836
6.283260 346.884046 3.219908
6.440706 332.032786 1.652951
6.374274 318.749531 0.821177
6.153050 307.912030 0.397088
6.223669 307.474770 0.187724
7.148623 325.168310 0.087061
10.824098 359.705708 0.039716
18.122857 404.375265 0.017861
21.814110 442.703142 0.007932
21.002468 466.334958 5.603049
18.379228 480.714257 16.060987
15.937133 483.376292 19.768049
14.000677 473.868866 17.163017
12.297866 454.887156 12.299692
10.673707 433.016233 7.805250
10.123189 417.513956 4.553991
11.290800 413.637421 2.498435
13.034197 424.237033 1.307723
15.059866 442.521042 0.659541
16.656037 457.971746 0.322789
17.907835 468.447675 0.154105
21.948390 471.804932 0.072055
23.226425 465.547022 0.033098
20.367563 448.996618 0.014972
15.734849 424.898579 0.006683
11.532781 398.994241 0.002948
8.731869 380.143367 0.001287
11.779372 366.226538 0.000557
20.091471 354.390134 0.000239
23.660843 343.091844 0.000102
22.067376 330.631707 0.000043
18.527373 322.441409 0.000018
15.541230 328.035833 0.000008
13.746195 341.031738 0.000003
14.568510 354.635712 0.000001
23.841296 367.904679 0.000001
32.170048 381.051324 0.000000
34.066594 392.975946 0.000000
32.695147 402.323318 0.000000
32.744040 413.061256 0.000000
30.696528 424.460595 0.000000
26.261327 430.975363 0.000000
21.359703 431.880497 0.000000
17.073558 426.345289 0.000000
13.623670 415.058546 0.000000
11.152139 398.747889 0.000000
9.506026 385.608742 0.000000
8.357029 380.755395 0.000000
7.703317 375.576073 4.128528
7.732629 364.050428 14.885316
7.868893 346.486268 24.048052
7.883654 328.952745 42.239258
7.865147 318.664257 57.561779
7.994271 315.643151 62.288571
9.473897 324.854580 60.899503
15.407368 349.632796 59.561585
20.238756 381.004019 68.093281
21.928500 417.339213 68.964504
22.196283 459.070867 58.671953
22.720136 501.323231 53.836829
22.078800 533.852058 58.449923
19.365700 551.269668 73.448425
15.396784 557.480766 82.980254
11.521756 553.664578 88.034040
8.528965 535.836133 92.430572
6.647556 504.633262 100.169860
5.728986 465.032524 115.276379
5.663491 423.772466 122.898205
6.552318 389.472659 131.674098
8.210004 369.179207 147.119127
10.528676 371.796450 157.257900
12.765116 391.032432 170.643131
14.482372 426.056038 172.985881
15.472704 479.586445 154.831133
15.468803 530.054575 126.064449
14.353053 563.356572 123.416592
12.695851 575.616405 145.998657
10.731624 565.041111 159.777223
8.687075 535.960797 162.457127
7.094207 495.527522 141.487479
7.114147 453.474142 144.111535
11.562588 416.951485 170.303584
15.001386 389.282976 188.952916
16.230609 373.662439 177.353254
17.217047 373.470440 150.283988
18.413639 383.925484 127.244207
18.626917 400.235617 114.943839
17.531562 416.940277 137.875139
15.978229 432.490003 171.343381
14.942609 447.003542 194.789203
14.305699 462.786866 201.604988
13.708951 474.295564 190.386695
12.975449 478.632668 164.482166
12.006765 474.380267 136.579986
10.397575 462.091591 123.280419
12.027235 443.717834 119.455411
15.569462 421.952522 107.604474
21.279239 400.267466 96.210440
26.165991 383.550542 106.377690
26.382906 371.047857 117.645277
23.394122 361.106727 119.995323
20.243269 354.821892 132.681526
18.338686 354.043947 134.048488
17.157655 359.360918 120.290132
15.700263 366.148199 114.294967
14.018118 371.607546 128.037308
16.885059 374.862266 131.264912
20.606806 375.388386 119.949942
21.002441 371.941107 108.607432
23.614686 365.451202 91.957909
30.270795 357.714902 78.240556
31.207833 349.919623 63.367054
26.738096 344.778367 54.645656
20.633228 340.042112 47.826599
15.557396 331.574928 37.352299
12.267011 318.475997 25.850793
10.425327 305.765550 20.397122
9.445626 296.952167 24.375681
9.187555 289.520748 24.921675
12.776843 281.117974 20.468443
15.397749 271.591470 14.363774
14.680244 261.541810 12.363420
12.616148 252.073372 19.371223
11.435594 245.983385 22.496265
12.853679 244.239499 19.575943
17.532068 245.271333 14.170420
19.311164 246.246257 9.081425
18.149671 247.219381 5.343414
16.650694 253.582738 2.952174
16.131251 267.969825 1.554271
16.117954 288.679866 0.787738
15.682280 309.444912 0.387136
15.480817 330.860588 0.185485
18.435086 350.381594 0.086994
19.227645 365.533790 0.040067
17.058403 376.169142 0.018168
13.744793 381.042218 0.008127
10.894139 375.973224 0.003592
11.319391 369.938710 0.001571
16.454318 366.725265 0.000681
20.508614 371.577873 0.000292
21.998739 385.347032 0.000125
20.972328 400.358804 0.000053
18.179283 414.456416 0.000022
15.435419 420.640485 0.000009
18.304789 414.371111 0.000004
24.387056 398.726110 0.000002
25.621887 379.351965 0.000001
26.203768 360.385473 0.000000
25.545700 341.856065 0.000000
22.232142 324.043468 0.000000
18.471775 309.569385 0.000000
15.812659 303.948427 0.000000
15.183474 308.920329 0.000000
16.228588 320.371740 0.000000
17.493367 337.087259 0.000000
18.412932 358.493998 0.000000
17.978547 376.405510 0.000000
16.030230 385.595962 0.000000
14.359088 387.153000 2.043633
14.301701 383.622153 12.598004
17.936138 375.038308 19.313064
19.856426 362.121281 18.614545
19.076948 347.124698 14.180640
17.085121 333.293892 9.367259
18.105468 321.607807 5.622565
21.193626 309.842865 3.150493
21.773993 298.264981 1.676164
20.191577 295.303363 0.856425
17.601438 298.962828 0.423614
15.592421 309.676852 0.204030
17.633604 329.086525 0.096110
22.426153 356.714962 0.044429
24.284429 387.675240 8.514176
22.859028 410.758791 29.921182
19.344884 420.827273 48.595138
15.307487 418.118720 53.647349
11.663432 406.356894 45.425034
9.050048 394.069307 32.411082
13.872843 385.481532 20.601550
23.173309 379.096231 16.715691
26.626284 371.325366 46.887378
24.685418 360.892116 79.974852
20.889289 349.143572 99.334565
17.327912 346.100028 106.550483
14.693754 358.718825 100.742127
13.404283 375.985298 90.519300
12.861838 389.362243 81.974288
11.770113 392.748755 77.143309
10.319631 384.974601 68.529284
9.108639 368.025921 57.017648
8.311207 347.668979 51.027774
8.528048 327.057867 42.265101
11.908305 307.920434 40.658561
18.175347 292.533569 60.913174
23.203578 285.212370 89.521192
26.751593 290.747603 106.091341
28.675746 303.071370 106.642776
28.769531 312.236661 116.329629
25.021654 314.353941 142.907555
19.696777 311.417422 165.569029
15.160800 309.456196 169.824691
12.436531 311.577672 166.625294
11.161804 318.407784 155.092473
10.882479 327.765259 141.519393
10.971463 341.743285 126.386991
10.758544 354.972149 125.002548
10.539837 365.531793 135.231265
10.730512 374.852476 160.118853
11.143809 378.361065 174.025037
11.801259 373.880605 155.776318
12.393603 366.121007 121.507653
13.212720 360.430414 105.538287
13.679166 356.092517 116.022351
13.382646 356.259440 136.793518
12.350925 368.245823 178.997213
10.808176 389.261732 200.123384
9.635250 408.726297 182.531972
11.666803 420.307045 157.070139
16.326989 418.447543 130.180375
18.032156 406.604008 117.304633
16.982112 393.183595 128.278328
15.186664 378.359931 138.760045
14.062178 364.233673 129.499119
16.880481 353.621208 108.838812
22.785137 352.206339 94.525509
25.148257 359.865209 89.540808
23.232133 373.892530 85.462002
19.505687 389.119044 81.446800
16.115555 398.740443 87.530869
13.985803 399.521359 88.197616
15.518698 391.241429 73.704791
21.860827 383.080521 52.780284
30.552494 376.656316 34.307649
34.055011 369.647750 35.620694
31.621849 360.841225 56.602477
27.077891 351.230385 64.125222
22.690179 344.623958 55.005675
19.023516 342.199949 52.682655
16.382423 341.727394 59.131279
15.781677 343.573834 64.041327
18.699953 350.890535 64.962548
19.750690 357.668147 72.802843
18.275174 359.161757 76.030755
15.781796 356.369075 77.833866
13.741785 354.448835 85.830235
12.530388 357.659375 84.348459
13.488165 362.821362 77.797376
16.880667 362.672180 63.224358
17.682806 355.680339 45.092297
15.804650 343.515317 28.963515
12.711045 327.875926 17.170967
9.780889 309.209685 9.570729
7.649983 289.416501 5.082611
6.471661 275.396579 2.596692
6.579955 271.076910 1.285435
7.312680 278.344273 0.619896
8.472990 288.438974 0.292435
13.630936 295.342415 0.135393
18.779533 305.142665 0.061680
21.352011 322.734907 0.027706
22.857489 347.670455 0.012293
26.186158 378.598688 0.005395
26.900982 406.959247 0.002345
28.263198 422.247231 0.001010
27.089616 421.456749 0.000432
22.574713 412.660625 0.000183
17.258506 401.125167 0.000077
12.905316 384.107247 0.000032
9.988406 361.983175 0.000014
8.469222 339.891114 0.000006
8.557039 321.767101 0.000002
13.576689 308.916583 0.000001
19.895320 304.802688 0.000000
22.710758 308.801906 0.000000
21.974699 316.722753 0.000000
19.892517 331.489815 0.000000
18.798800 355.621620 0.000000
18.657630 379.523140 0.000000
18.334099 397.487198 0.000000
17.218058 413.597022 0.000000
15.887215 425.215187 0.000000
14.634975 425.023253 0.000000
13.449538 415.064910 0.000000
12.640371 405.219906 0.000000
12.039324 400.622597 0.000000
11.878502 399.294792 0.000000
12.410307 394.822618 0.000000
13.661966 387.913445 0.018260
15.437394 381.638899 6.645713
16.500350 379.027947 16.759519
16.384417 380.546344 25.998413
15.354267 384.129411 33.264030
14.229807 387.743427 31.585329
16.604916 391.636858 24.338050
17.547889 390.234376 16.314513
17.492024 386.626310 9.925226
19.442718 381.615501 5.625946
19.342376 372.958733 3.022520
19.185699 361.795836 1.557139
21.988244 349.785794 0.775647
23.163335 338.692006 0.375849
22.574205 330.944674 1.011261
20.804338 327.437134 18.533611
18.995766 328.336131 36.285851
19.228391 335.580618 39.673618
22.825225 352.731374 49.090323
23.339929 376.499812 64.963643
20.261284 393.705432 77.516662
15.793483 396.038476 77.802630
11.638502 384.164691 83.276331
8.727316 364.677162 104.411457
7.478656 344.056309 134.944913
7.397116 325.834659 142.855937
7.632454 311.497709 138.517275
7.825435 307.347139 121.336135
7.790083 310.322684 117.104448
7.401633 315.315767 132.511583
7.110962 321.903567 146.027739
7.076702 330.475006 142.069302
7.218525 339.015359 123.723045
7.647175 348.300136 106.144260
8.754486 354.410263 101.937518
11.086624 358.780463 124.621610
14.764119 366.701708 175.801598
21.626984 387.278055 193.681755
24.861910 410.103132 165.719041
22.945259 422.348408 119.314723
18.555668 420.529933 78.308775
14.099798 405.358997 61.647637
10.489153 380.720377 67.125323
8.925994 353.439292 78.988239
12.307727 326.972773 86.842184
14.669738 305.148287 85.211719
16.806656 294.917792 89.343090
19.574452 301.695264 100.336333
19.675282 315.806199 114.353997
17.846912 331.279015 115.272419
15.602185 343.733068 100.593332
14.981840 356.972361 104.226076
18.384243 369.949965 110.613466
20.567808 385.597616 101.863059
20.257517 407.483160 98.205313
18.573685 435.383181 112.659911
16.989246 458.650090 121.089261
16.409549 476.636535 119.026314
16.423425 487.002504 112.394154
15.922339 487.037779 112.995827
14.962420 479.879449 117.531085
14.045085 469.414933 119.966227
13.463979 456.394759 135.919119
12.757810 441.480086 153.471860
12.353592 429.259148 151.406016
12.456681 420.181483 127.089618
12.691548 417.816955 101.744992
16.866217 418.858381 82.920879
21.098222 418.513989 73.130799
21.671401 416.437871 67.749885
21.519545 411.486494 56.267702
23.180537 404.265642 45.419914
22.267697 394.806888 55.194046
18.968886 384.149805 68.426838
15.368440 376.298597 72.484598
12.824465 371.123154 78.363352
11.553049 367.279433 73.157808
11.455504 366.633658 58.615800
12.472192 375.577539 52.405047
14.490659 392.225868 55.395572
20.111720 412.002236 58.130383
24.192671 431.973596 57.393041
23.770235 444.547063 47.895333
20.361077 443.445297 34.436914
16.415020 430.654996 22.147991
12.941404 412.650277 13.115067
10.333140 392.799628 7.295445
8.945192 372.256972 3.865789
8.894546 353.912644 1.970779
9.555759 339.016869 0.973635
10.683904 327.875993 0.468670
11.749227 321.045358 0.220726
15.760553 315.121915 0.102038
20.232311 308.601932 0.046421
24.554722 312.349217 0.020827
24.850947 330.468863 0.009230
21.443081 348.016219 0.004047
17.080449 359.342369 0.001757
13.587309 365.945812 0.000756
11.709273 370.500344 0.000323
12.000737 383.382735 0.000137
13.990131 402.781657 0.000058
16.628874 425.743314 0.000024
18.220842 447.818283 0.000010
17.904120 463.530522 0.000004
16.193962 470.198041 0.000002
13.784701 464.669509 0.000001
11.434625 448.265016 0.000000
9.526268 424.521377 0.000000
8.195870 395.613557 0.000000
7.695092 371.031483 0.000000
8.240387 356.221201 0.000000
9.038157 347.686682 0.000000
9.597787 339.608324 0.000000
10.208206 330.671880 0.000000
10.700104 321.646118 0.000000
11.346655 315.198316 0.000000
12.292318 315.087232 0.000000
12.903048 326.663782 0.000000
12.868834 341.397386 0.000000
15.115085 349.963585 0.000000
19.166595 351.654631 0.000000
21.320143 350.975943 0.000000
21.661246 349.925762 0.000000
20.737289 351.882372 0.000000
18.985705 355.546107 0.000000
16.649007 357.848580 0.000000
13.999427 355.531500 0.000000
13.937250 349.567083 0.000000
16.765912 341.484738 0.000000
17.445538 331.854472 0.000000
16.317378 322.634162 0.000000
15.061616 314.995186 0.000000
14.390047 310.333992 0.000000
13.888861 310.197945 0.000000
14.050057 314.100127 0.000000
21.315316 319.955504 4.321649
29.212850 324.096138 15.054751
31.710956 326.585370 22.598782
33.068464 326.370381 31.296801
31.005535 321.784089 41.202203
29.942679 312.907753 56.608862
27.695940 301.586892 57.939318
23.529710 294.313526 46.926772
19.140705 293.518947 32.750110
15.377402 293.216641 30.921361
12.283977 291.181746 49.147245
12.920917 294.087579 62.188723
15.642729 304.846132 57.586801
19.099847 324.368785 43.463274
22.679232 339.889714 28.680438
22.253716 342.821750 24.515564
19.065187 333.011059 45.820970
15.324638 314.315310 83.119763
12.267309 292.567744 105.692361
10.285008 273.904669 102.025194
9.588606 259.054701 96.241897
13.248891 248.331247 101.922110
19.753991 247.908260 111.346835
24.199825 253.453223 120.862102
25.968507 258.952212 132.347562
27.649424 264.205530 130.528694
26.461095 275.998046 123.136406
22.819110 294.037745 124.579608
18.535372 308.424631 141.298257
14.876787 313.393772 170.836131
12.900022 310.279801 193.808682
12.607469 307.291704 197.705122
13.775353 311.211586 183.428073
14.673193 328.676591 160.757523
14.354204 359.159447 147.295547
13.234244 388.958063 141.034768
11.965788 408.855932 128.494941
12.088647 420.708991 107.908819
16.291608 422.367202 118.648898
18.597014 413.043791 137.253865
17.785643 396.162357 153.124059
15.717495 377.611380 155.929845
13.841931 361.466969 158.332820
12.356060 350.022602 166.858743
11.113962 352.288024 178.365900
10.454869 370.497856 168.556045
11.161828 397.644568 143.207974
12.786330 423.021444 108.187046
13.896731 440.940401 83.087365
16.983861 447.438866 80.743046
26.445446 444.271463 80.735885
32.542342 439.725761 68.888881
32.780721 442.748970 51.101225
29.348119 451.420517 43.691735
30.060904 460.391202 49.380607
33.018881 461.351560 60.077818
30.541258 449.774161 68.808788
24.046038 427.246584 77.103503
17.222508 398.584839 88.019426
12.304666 378.077302 93.475458
10.131326 372.609819 94.060551
11.713790 380.834796 90.336371
15.732891 397.579695 89.812252
20.173993 417.602902 87.591873
25.833305 439.598557 77.639074
28.055118 461.145764 78.451354
29.617070 471.757470 74.177962
28.130229 466.555915 68.939462
23.969311 448.542934 65.024057
19.071382 424.347933 59.958172
14.671909 406.965874 48.236062
11.117917 396.201305 38.429954
8.577711 383.660006 36.748164
10.450590 367.090426 32.417204
14.876941 348.125467 24.632559
17.232400 332.997718 18.043762
17.954834 326.672831 21.899695
17.881873 328.379261 24.858605
17.165296 334.625111 21.973643
16.105526 347.415030 16.179931
14.703866 365.674270 10.515642
12.725484 379.962952 6.256373
12.583814 383.375277 3.487283
19.821866 374.766251 1.849178
24.039924 359.035915 0.942728
22.958201 342.879638 0.465584
20.012297 331.069005 0.223998
20.159709 327.208515 0.105431
22.426237 335.884463 0.048708
22.339919 349.491532 0.022145
20.378904 358.327293 0.009929
20.080972 362.345504 0.004398
24.049647 367.153390 0.001927
25.717649 371.815413 0.000836
23.469802 379.601354 0.000360
19.039316 387.107372 0.000154
14.462734 386.988142 0.000065
10.934005 378.885521 0.000027
8.730353 368.611912 0.000011
11.216418 354.568995 0.000005
19.368755 338.698840 0.000002
25.080809 325.223794 0.000001
29.681247 322.266346 0.000000
34.757016 328.273446 0.000000
35.109270 338.648531 0.000000
30.100886 347.545869 0.000000
23.464203 348.901585 0.000000
17.473843 345.466396 0.000000
13.119984 346.509761 0.000000
10.823593 356.034194 0.000000
10.283972 371.369454 0.000000
11.145057 383.317524 0.000000
12.255837 387.790155 0.000000
12.301321 386.878187 0.000000
11.422213 379.129000 0.000000
10.276630 364.841678 0.000000
9.621618 345.937180 0.000000
11.855220 327.517400 0.000000
17.886170 315.867972 0.000000
21.452304 313.671748 0.000000
21.556653 318.821126 0.000000
19.699000 325.387390 0.000000
20.762657 329.481610 0.000000
25.908572 327.562433 0.000000
28.476174 319.639994 0.000000
25.934361 310.560227 6.115342
21.388502 303.220469 16.416657
17.368957 297.316096 20.681256
14.122350 292.934355 32.893097
11.440468 292.614978 46.598924
12.421124 299.397964 49.249720
16.411577 314.400097 50.256867
18.239305 334.614272 49.375427
20.966096 355.079671 49.182629
25.182751 371.218348 42.293705
25.915768 387.938049 31.211659
23.141757 407.400910 23.001789
18.948437 419.662678 32.615731
14.992802 417.458059 51.903112
12.113337 403.665462 59.693771
10.393652 383.306827 51.969771
9.260394 362.500007 39.834235
9.774425 349.685639 37.272434
13.900630 350.177805 42.625146
15.797708 362.590807 44.547294
15.433426 378.898672 38.077404
17.770624 386.475720 39.434785
21.576057 380.367669 66.546226
24.634276 362.904230 111.241315
24.133271 340.509210 156.782246
25.248394 318.804996 181.150602
25.559874 306.712547 193.982792
23.827981 311.298070 211.751749
24.794493 326.558161 219.768270
27.382528 347.578454 205.768164
27.072856 377.889553 167.624936
24.286882 408.802604 144.811439
20.658771 431.596889 129.448737
16.864552 444.013293 120.653486
13.351498 442.640264 106.745251
10.603069 428.657746 93.536833
8.958472 407.495717 114.395875
9.940452 383.801408 142.033708
14.163274 366.319817 147.314233
16.167693 357.098940 137.882909
15.894470 356.148331 137.627363
14.837897 364.947183 143.683890
13.182328 377.941688 137.822186
11.378661 391.138574 120.788964
10.304697 396.551724 105.546215
10.201911 392.351166 117.468453
10.902069 383.455790 133.659234
15.679203 374.613218 131.691907
21.086802 366.120925 113.179915
22.413462 356.879811 93.800063
22.332976 347.058610 78.626938
23.624000 336.337260 68.302933
23.931577 325.193681 63.199091
25.371578 315.136964 56.351243
24.362926 306.391301 53.225780
21.234176 299.433437 53.671688
17.819404 294.650083 64.386365
15.616173 298.694935 72.417835
15.032297 314.539209 80.683879
15.632970 336.282863 77.114897
17.589063 358.002068 79.526031
20.699648 381.028261 76.907586
23.424852 406.474875 70.407110
24.127668 428.904981 61.493386
22.271470 443.967766 47.446624
18.409372 448.327403 35.302217
13.839405 438.000958 33.804263
9.831086 413.827211 31.386577
7.049896 380.845178 32.617523
5.421168 345.224325 34.557483
5.791193 312.620551 30.274288
10.849391 285.258239 24.124392
14.675601 264.871637 26.795350
15.494574 257.479036 27.982505
14.452033 270.629984 23.695056
12.725258 292.880678 17.039969
11.491420 314.240454 10.915848
10.832355 331.600328 6.432522
10.428712 344.466640 3.561264
14.264644 353.288715 1.878955
18.460393 355.901049 1.070301
18.480916 353.540603 8.282431
15.891286 351.033433 17.662311
15.991916 346.744330 19.730998
18.140172 340.258439 16.322340
17.842262 331.285764 11.362533
15.747095 319.102481 7.072135
13.496159 309.460281 4.069443
14.371978 311.497554 2.209476
19.097789 323.165864 1.147139
22.170815 337.493058 0.574807
25.340808 350.244752 0.279828
28.622236 363.483167 0.133004
27.748654 378.655603 0.061956
24.084716 387.564416 0.028367
19.902364 384.602948 0.012796
16.297759 371.979836 0.005698
13.974289 357.078226 0.002508
14.841483 346.629067 0.001093
18.552585 349.367342 0.000472
19.618251 361.150200 0.000202
17.980029 371.988837 0.000086
15.501560 383.136781 0.000036
13.574960 395.219253 0.000015
12.598262 403.543953 0.000006
11.856302 400.417059 0.000003
10.915683 387.561874 0.000001
10.282816 378.697432 0.000000
10.314315 380.973876 0.000000
10.777339 389.902074 0.000000
11.671071 394.681595 0.000000
16.257717 391.630376 0.000000
21.395864 386.562627 0.000000
22.935328 389.691122 0.000000
21.652988 407.607268 0.000000
19.741281 431.677194 0.000000
17.870156 450.704577 5.945020
15.644755 459.346878 16.301414
13.016854 459.423555 19.760606
10.528073 456.114974 17.025054
